
MSE1 =

  692.5050


MSE2 =

  744.4679